CRF++: Yet Another CRF Tool Kit
Copyright (C) 2005-2013 Taku Kudo, All rights reserved.

reading training data: 100.. 200.. 300.. 400.. 500.. 600.. 700.. 800.. 900.. 1000.. 1100.. 1200.. 1300.. 1400.. 1500.. 1600.. 1700.. 1800.. 1900.. 2000.. 2100.. 2200.. 2300.. 2400.. 2500.. 2600.. 2700.. 2800.. 2900.. 3000.. 3100.. 3200.. 3300.. 3400.. 3500.. 3600.. 3700.. 3800.. 3900.. 4000.. 4100.. 4200.. 4300.. 4400.. 4500.. 4600.. 4700.. 4800.. 4900.. 5000.. 5100.. 5200.. 5300.. 5400.. 5500.. 5600.. 5700.. 5800.. 5900.. 6000.. 6100.. 6200.. 6300.. 6400.. 6500.. 6600.. 6700.. 6800.. 6900.. 7000.. 7100.. 7200.. 7300.. 7400.. 7500.. 7600.. 7700.. 7800.. 7900.. 8000.. 8100.. 8200.. 8300.. 8400.. 8500.. 8600.. 8700.. 8800.. 8900.. 9000.. 9100.. 9200.. 9300.. 9400.. 9500.. 9600.. 9700.. 9800.. 9900.. 10000.. 10100.. 10200.. 10300.. 10400.. 10500.. 10600.. 10700.. 10800.. 10900.. 11000.. 11100.. 11200.. 11300.. 11400.. 11500.. 11600.. 11700.. 11800.. 11900.. 12000.. 12100.. 12200.. 12300.. 12400.. 12500.. 12600.. 12700.. 12800.. 12900.. 13000.. 13100.. 13200.. 13300.. 13400.. 13500.. 13600.. 13700.. 13800.. 13900.. 14000.. 14100.. 14200.. 14300.. 14400.. 14500.. 14600.. 14700.. 14800.. 14900.. 15000.. 15100.. 15200.. 15300.. 15400.. 15500.. 15600.. 15700.. 15800.. 15900.. 16000.. 16100.. 16200.. 16300.. 16400.. 16500.. 16600.. 16700.. 16800.. 16900.. 17000.. 17100.. 17200.. 17300.. 17400.. 17500.. 17600.. 17700.. 17800.. 17900.. 18000.. 18100.. 18200.. 18300.. 18400.. 18500.. 18600.. 18700.. 18800.. 18900.. 19000.. 
Done!15.89 s

Number of sentences: 19054
Number of features:  2159868
Number of thread(s): 32
Freq:                3
eta:                 0.00010
C:                   1.50000
shrinking size:      20
iter=0 terr=0.67958 serr=1.00000 act=2159868 obj=2531994.56328 diff=1.00000
iter=1 terr=0.48603 serr=0.96489 act=2159868 obj=1983040.64151 diff=0.21681
iter=2 terr=0.35671 serr=0.95780 act=2159868 obj=1180697.92526 diff=0.40460
iter=3 terr=0.35898 serr=0.97129 act=2159868 obj=1047559.85753 diff=0.11276
iter=4 terr=0.30767 serr=0.96562 act=2159868 obj=922652.54198 diff=0.11924
iter=5 terr=0.30557 serr=0.97224 act=2159868 obj=788945.94317 diff=0.14492
iter=6 terr=0.31220 serr=0.95088 act=2159868 obj=695662.62000 diff=0.11824
iter=7 terr=0.29726 serr=0.94846 act=2159868 obj=660079.91168 diff=0.05115
iter=8 terr=0.25916 serr=0.94369 act=2159868 obj=575697.13643 diff=0.12784
iter=9 terr=0.24560 serr=0.93314 act=2159868 obj=557999.72777 diff=0.03074
iter=10 terr=0.22068 serr=0.91745 act=2159868 obj=497638.95240 diff=0.10817
iter=11 terr=0.20332 serr=0.91466 act=2159868 obj=470872.21112 diff=0.05379
